1. [32, 32, 16, 30, 30, 24, 55, 55, 24, 58, 58, 32, 98, 98, 32, 120, 120, 32, 58, 58, 64, 236, 236, 64, 238, 238, 64, 255, 255, 64, 156, 156, 96, 288, 288, 96, 243, 243, 96, 190, 190, 160, 490, 490, 160, 418, 418, 160, 341, 341, 320, 952]
rmean_reset_beta1_save16_0.680_6

2. [30, 32, 16, 37, 37, 24, 71, 71, 24, 57, 57, 32, 105, 105, 32, 122, 122, 32, 49, 49, 64, 220, 220, 64, 245, 245, 64, 243, 243, 64, 140, 140, 96, 255, 255, 96, 239, 239, 96, 197, 197, 160, 497, 497, 160, 385, 385, 160, 324, 324, 320, 923]
rmean_reset_beta04_697_6

3. [21, 32, 16, 69, 69, 24, 144, 144, 24, 44, 44, 32, 25, 25, 32, 87, 87, 32, 17, 17, 64, 225, 225, 64, 373, 373, 64, 368, 368, 64, 341, 341, 96, 257, 257, 96, 286, 286, 96, 137, 137, 160, 95, 95, 160, 127, 127, 160, 945, 945, 29, 1267]
dmean_noreset_beta04_0.981_67

4. [18, 32, 16, 73, 73, 24, 144, 144, 24, 48, 48, 32, 23, 23, 32, 77, 77, 32, 25, 25, 64, 231, 231, 64, 377, 377, 64, 374, 374, 64, 359, 359, 96, 235, 235, 96, 309, 309, 96, 138, 138, 160, 119, 119, 160, 138, 138, 160, 946, 946, 20, 1262]
dmean_noreset_beta1_928_48

5. [27, 32, 16, 54, 54, 24, 140, 140, 24, 110, 110, 32, 87, 87, 32, 72, 72, 32, 161, 161, 64, 140, 140, 64, 110, 110, 64, 144, 144, 64, 275, 275, 96, 121, 121, 96, 137, 137, 96, 284, 284, 156, 262, 262, 156, 151, 151, 156, 394, 394, 289, 746]
dmean_reset_beta1_save16_534_6


6. [23, 32, 16, 90, 90, 23, 140, 140, 23, 142, 142, 32, 138, 138, 32, 74, 74, 32, 18, 18, 64, 294, 294, 64, 332, 332, 64, 320, 320, 64, 256, 256, 95, 67, 67, 95, 197, 197, 95, 19, 19, 158, 68, 68, 158, 111, 111, 158, 774, 774, 17, 1094]
var_noreset_beta1_save16_896_36

7. [22, 32, 16, 70, 70, 23, 65, 65, 23, 143, 143, 32, 124, 124, 32, 191, 191, 32, 192, 192, 64, 383, 383, 64, 376, 376, 64, 359, 359, 64, 384, 384, 96, 20, 20, 96, 25, 25, 96, 349, 349, 113, 18, 18, 113, 20, 20, 113, 922, 922, 22, 1249]
var_noreset_beta5_0.701_30

8. [23, 32, 16, 94, 94, 24, 144, 144, 24, 143, 143, 32, 145, 145, 32, 49, 49, 32, 26, 26, 64, 266, 266, 64, 309, 309, 64, 306, 306, 64, 218, 218, 84, 113, 113, 84, 180, 180, 84, 20, 20, 160, 73, 73, 160, 98, 98, 160, 860, 860, 18, 1009]
var_noreset_beta04_928_60
